0 31 chinamap POLY_ID
1 2
4 2
2 8
12 11 9 7 6 5 4 1
3 3
6 13 15
4 3
5 1 2
5 3
7 4 2
6 6
19 13 12 11 2 3
7 7
16 14 10 9 8 2 5
8 2
10 7
9 4
16 11 7 2
10 2
7 8
11 8
21 20 19 16 12 9 2 6
12 3
11 2 6
13 4
19 15 6 3
14 4
18 17 16 7
15 4
26 19 13 3
16 6
20 18 11 7 14 9
17 4
23 22 18 14
18 6
25 23 20 17 16 14
19 7
27 26 21 15 11 6 13
20 6
25 24 21 18 11 16
21 5
27 24 19 11 20
22 2
23 17
23 5
28 25 17 18 22
24 6
31 29 27 25 20 21
25 6
31 28 23 24 18 20
26 4
27 29 19 15
27 5
21 24 29 19 26
28 3
31 23 25
29 4
31 24 27 26
30 0

31 4
29 25 28 24
